0,0
1,1
2,2
3,3
4,4
5,5
6,6
7,7
8,8
9,9
10,10
11,11
12,12
13,13
14,14
15,15
16,16
17,17
18,18
19,19
20,20
21,21
22,22
23,23
24,24
25,25
26,26
27,27
28,28
29,29
30,30
31,31
32,32
33,33
34,34
35,35
36,36
37,37
38,38
39,39
40,40
41,41
42,42
43,43
44,44
45,45
46,46
47,47
48,48
49,49
50,50
51,51
52,52
53,53
54,54
55,55
56,56
57,57
58,58
59,59
60,60
61,61
62,62
63,63
64,64
65,65
66,66
67,67
68,68
69,69
70,70
71,71
72,72
73,73
74,74
75,75
76,76
77,77
78,78
79,79
80,80
81,81
82,82
83,83
84,84
85,85
86,86
87,87
88,88
89,89
90,90
91,91
92,92
93,93
94,94
95,95
96,96
97,97
98,98
99,99
100,100
101,101
102,102
103,103
104,104
105,105
106,106
107,107
108,108
109,109
110,110
111,111
112,112
113,113
114,114
115,115
116,116
117,117
118,118
119,119
120,120
121,121
122,122
123,123
124,124
125,125
126,126
127,127
128,128
129,129
130,130
131,131
132,132
133,133
134,134
135,135
136,136
137,137
138,138
139,139
140,140
141,141
142,142
143,143
144,144
145,145
146,146
147,147
148,148
149,149
150,150
151,151
152,152
153,153
154,154
155,155
156,156
157,157
158,158
159,159
160,160
161,161
162,162
163,163
164,164
165,165
166,166
167,167
168,168
169,169
170,170
171,171
172,172
173,173
174,174
175,175
176,176
177,177
178,178
179,179
180,180
181,181
182,182
183,183
184,184
185,185
186,186
187,187
188,188
189,189
190,190
191,191
192,192
193,193
194,194
195,195
196,196
197,197
198,198
199,199
200,200
201,201
202,202
203,203
204,204
205,205
206,206
207,207
208,208
209,209
210,210
211,211
212,212
213,213
214,214
215,215
216,216
217,217
218,218
219,219
220,220
221,221
222,222
223,223
224,224
225,225
226,226
227,227
228,228
229,229
230,230
231,231
232,232
233,233
234,234
235,235
236,236
237,237
238,238
239,239
240,240
241,241
242,242
243,243
244,244
245,245
246,246
247,247
248,248
249,249
250,250
251,251
252,252
253,253
254,254
255,255

1,0
2,1
3,1
4,0
5,1
6,1
7,5
8,0
8,4
9,0
9,1
9,4
9,8
10,7
11,5
12,5
12,11
13,3
14,12
15,7
16,2
17,1
17,3
17,5
17,7
18,10
19,7
20,16
21,1
22,0
22,4
22,8
23,2
23,16
24,21
25,4
25,9
26,12
27,23
28,23
29,20
30,24
31,13
32,19
33,28
34,12
35,34
36,0
36,8
37,3
38,32
39,34
40,12
41,35
42,0
42,1
42,4
42,22
43,22
43,42
44,16
44,23
45,12
46,2
47,29
48,32
49,22
49,42
50,14
51,39
52,0
52,1
52,4
52,8
52,9
52,22
52,25
52,36
52,42
53,17
54,21
55,24
55,30
56,17
57,23
57,27
57,28
58,42
59,18
60,30
61,3
62,28
62,57
63,37
64,9
65,50
66,36
67,1
67,2
67,3
67,16
67,17
67,21
67,23
67,37
68,34
68,35
69,30
70,50
70,65
71,16
71,23
71,28
72,6
73,23
73,28
73,44
74,0
74,8
74,9
75,16
75,28
75,67
75,71
76,36
76,66
77,16
77,75
78,18
79,0
79,8
80,11
81,59
82,71
83,38
84,8
84,9
84,22
84,36
84,52
84,64
85,0
85,1
85,9
85,21
85,22
85,24
85,30
85,42
85,49
85,52
85,60
85,67
85,69
86,25
87,38
88,69
89,11
89,12
90,61
91,9
91,74
92,16
92,67
92,75
92,77
93,1
93,5
93,11
93,12
93,34
93,35
93,42
93,68
93,89
94,61
95,91
96,14
97,95
98,77
99,86
100,18
100,78
101,7
101,15
101,17
102,34
102,35
102,68
102,93
103,2
103,23
103,44
103,46
104,75
105,90
106,60
107,17
107,67
108,68
109,63
110,83
111,65
112,0
112,1
112,2
112,3
112,37
112,42
112,67
112,74
112,85
113,21
114,0
114,1
114,3
114,4
114,5
114,11
114,12
114,14
114,17
114,21
114,22
114,24
114,25
114,26
114,43
114,52
114,53
114,56
114,67
114,85
114,93
114,96
114,101
114,102
114,107
114,112
114,113
115,94
116,32
117,48
118,3
118,17
118,53
119,117
120,65
121,11
121,21
121,28
121,57
121,67
121,75
121,96
121,113
121,114
122,53
123,63
123,109
124,55
125,34
125,35
125,41
125,102
126,21
126,24
126,41
126,42
126,43
126,85
126,93
126,102
126,112
126,125
127,7
127,19
128,48
129,124
130,14
130,17
130,22
130,36
130,52
130,56
130,96
130,107
130,114
131,100
132,14
132,36
132,50
132,84
132,96
132,114
132,130
133,0
133,1
133,2
133,8
133,9
133,16
133,21
133,22
133,23
133,25
133,26
133,28
133,36
133,42
133,43
133,49
133,52
133,57
133,64
133,67
133,71
133,84
133,85
133,92
133,112
133,113
133,114
133,121
133,126
133,132
134,1
134,5
134,11
134,16
134,17
134,22
134,25
134,30
134,42
134,43
134,44
134,49
134,52
134,56
134,69
134,85
134,89
134,93
134,107
134,114
134,130
134,133
135,31
136,62
137,16
137,23
137,44
137,71
137,75
138,9
138,21
138,23
138,35
138,42
138,43
138,44
138,49
138,52
138,58
138,67
138,71
138,75
138,84
138,85
138,92
138,93
138,102
138,114
138,126
138,133
138,134
138,137
139,89
140,29
141,0
141,1
141,4
141,5
141,6
141,8
141,9
141,11
141,21
141,22
141,30
141,42
141,44
141,52
141,58
141,71
141,74
141,77
141,79
141,85
141,91
141,92
141,96
141,112
141,113
141,114
141,125
141,126
141,130
141,132
141,133
141,134
141,137
141,138
142,23
142,27
143,101
144,0
144,1
144,2
144,4
144,8
144,9
144,14
144,17
144,21
144,22
144,24
144,25
144,30
144,42
144,43
144,46
144,52
144,56
144,60
144,74
144,79
144,85
144,93
144,103
144,112
144,114
144,126
144,130
144,132
144,133
144,134
144,138
144,141
145,95
146,103
147,35
147,125
148,22
149,42
149,49
150,0
150,1
150,2
150,12
150,14
150,16
150,17
150,22
150,23
150,26
150,30
150,42
150,43
150,44
150,49
150,52
150,53
150,55
150,56
150,67
150,68
150,69
150,71
150,74
150,75
150,77
150,85
150,93
150,102
150,103
150,104
150,114
150,122
150,124
150,125
150,126
150,130
150,133
150,134
150,137
150,138
150,141
150,144
150,147
150,148
150,149
151,0
151,1
151,2
151,4
151,5
151,6
151,7
151,9
151,11
151,12
151,16
151,17
151,21
151,22
151,23
151,24
151,25
151,26
151,30
151,34
151,42
151,43
151,46
151,49
151,52
151,58
151,67
151,68
151,72
151,74
151,75
151,77
151,85
151,89
151,93
151,98
151,102
151,103
151,104
151,107
151,112
151,113
151,114
151,118
151,121
151,122
151,125
151,126
151,130
151,133
151,134
151,141
151,144
151,150
152,78
153,129
154,0
154,1
154,3
154,4
154,7
154,8
154,9
154,11
154,16
154,17
154,21
154,23
154,24
154,25
154,28
154,30
154,36
154,42
154,43
154,44
154,46
154,49
154,52
154,56
154,58
154,62
154,67
154,71
154,74
154,75
154,77
154,79
154,85
154,92
154,93
154,96
154,98
154,102
154,103
154,107
154,114
154,121
154,122
154,126
154,130
154,132
154,133
154,134
154,137
154,138
154,141
154,144
154,150
154,151
155,129
156,0
156,1
156,2
156,3
156,4
156,6
156,8
156,9
156,11
156,12
156,21
156,22
156,24
156,25
156,26
156,36
156,40
156,42
156,46
156,49
156,52
156,67
156,71
156,79
156,84
156,85
156,91
156,93
156,95
156,97
156,102
156,103
156,107
156,112
156,114
156,121
156,125
156,126
156,130
156,132
156,133
156,134
156,138
156,141
156,144
156,149
156,150
156,151
156,154
157,0
157,1
157,2
157,3
157,8
157,9
157,11
157,12
157,13
157,15
157,17
157,21
157,24
157,25
157,31
157,34
157,35
157,36
157,42
157,43
157,46
157,52
157,56
157,58
157,67
157,68
157,71
157,74
157,76
157,79
157,80
157,85
157,93
157,96
157,101
157,103
157,107
157,112
157,114
157,118
157,121
157,126
157,130
157,132
157,133
157,134
157,138
157,141
157,143
157,144
157,146
157,147
157,150
157,151
157,154
157,156
158,45
159,45
160,77
161,0
161,2
161,4
161,5
161,8
161,9
161,14
161,16
161,17
161,21
161,22
161,25
161,28
161,30
161,35
161,36
161,37
161,42
161,43
161,44
161,46
161,56
161,58
161,67
161,68
161,69
161,71
161,75
161,77
161,84
161,85
161,92
161,93
161,96
161,104
161,107
161,112
161,114
161,126
161,130
161,132
161,133
161,134
161,137
161,138
161,141
161,144
161,147
161,150
161,151
161,154
161,156
161,157
162,89
163,155
164,54
165,27
165,57
166,94
167,164
168,0
168,1
168,3
168,9
168,11
168,12
168,14
168,21
168,22
168,23
168,25
168,30
168,34
168,36
168,37
168,42
168,43
168,46
168,49
168,52
168,58
168,60
168,63
168,64
168,67
168,68
168,73
168,75
168,84
168,85
168,89
168,92
168,102
168,103
168,107
168,112
168,113
168,114
168,118
168,130
168,132
168,133
168,134
168,138
168,141
168,144
168,150
168,151
168,154
168,156
168,157
168,161
169,0
169,1
169,2
169,3
169,5
169,6
169,7
169,8
169,9
169,11
169,12
169,14
169,16
169,17
169,20
169,21
169,22
169,24
169,28
169,30
169,31
169,34
169,36
169,42
169,43
169,45
169,46
169,49
169,50
169,52
169,53
169,57
169,64
169,67
169,68
169,71
169,74
169,75
169,76
169,77
169,84
169,85
169,92
169,93
169,96
169,103
169,104
169,112
169,113
169,114
169,121
169,125
169,126
169,130
169,133
169,134
169,137
169,138
169,141
169,144
169,146
169,147
169,149
169,150
169,151
169,154
169,156
169,157
169,159
169,161
169,168
170,73
171,60
172,18
172,78
172,100
173,0
173,1
173,2
173,3
173,4
173,8
173,9
173,11
173,12
173,14
173,16
173,17
173,21
173,22
173,23
173,25
173,28
173,34
173,36
173,37
173,42
173,43
173,49
173,50
173,52
173,60
173,63
173,67
173,68
173,70
173,71
173,74
173,75
173,79
173,85
173,89
173,92
173,93
173,96
173,97
173,102
173,103
173,106
173,107
173,112
173,114
173,118
173,121
173,126
173,130
173,133
173,134
173,137
173,138
173,141
173,144
173,147
173,150
173,151
173,154
173,156
173,157
173,161
173,168
173,169
173,171
174,116
175,99
176,0
176,1
176,2
176,4
176,6
176,8
176,9
176,11
176,12
176,14
176,15
176,16
176,17
176,21
176,23
176,24
176,25
176,26
176,30
176,35
176,36
176,41
176,42
176,43
176,49
176,50
176,52
176,58
176,64
176,65
176,66
176,67
176,71
176,73
176,74
176,75
176,76
176,84
176,85
176,86
176,91
176,93
176,101
176,103
176,107
176,112
176,114
176,118
176,121
176,126
176,130
176,133
176,134
176,137
176,138
176,141
176,143
176,144
176,146
176,150
176,151
176,154
176,156
176,157
176,159
176,161
176,168
176,169
176,170
176,173
177,57
177,62
178,47
179,100
179,131
180,0
180,1
180,2
180,3
180,5
180,6
180,9
180,11
180,12
180,13
180,14
180,16
180,17
180,21
180,22
180,23
180,24
180,25
180,26
180,28
180,30
180,35
180,37
180,41
180,42
180,43
180,49
180,50
180,52
180,55
180,57
180,58
180,60
180,64
180,67
180,69
180,70
180,72
180,73
180,75
180,77
180,79
180,80
180,84
180,85
180,86
180,89
180,92
180,93
180,101
180,103
180,107
180,112
180,114
180,118
180,121
180,125
180,126
180,130
180,132
180,133
180,134
180,137
180,138
180,141
180,144
180,146
180,150
180,151
180,154
180,156
180,157
180,161
180,168
180,169
180,170
180,173
180,176
181,0
181,1
181,3
181,4
181,5
181,7
181,8
181,9
181,11
181,12
181,13
181,15
181,17
181,20
181,21
181,22
181,23
181,25
181,26
181,27
181,28
181,30
181,35
181,36
181,40
181,41
181,42
181,43
181,46
181,49
181,50
181,52
181,57
181,58
181,60
181,62
181,64
181,65
181,67
181,69
181,70
181,71
181,73
181,75
181,77
181,79
181,84
181,85
181,86
181,88
181,89
181,92
181,93
181,96
181,101
181,102
181,103
181,104
181,111
181,112
181,113
181,114
181,118
181,121
181,122
181,125
181,126
181,130
181,132
181,133
181,134
181,137
181,138
181,141
181,142
181,144
181,147
181,150
181,151
181,154
181,156
181,157
181,159
181,161
181,165
181,168
181,169
181,170
181,173
181,176
181,180
182,142
183,0
183,1
183,2
183,3
183,4
183,5
183,6
183,7
183,9
183,11
183,12
183,14
183,15
183,16
183,17
183,21
183,22
183,23
183,25
183,26
183,28
183,30
183,34
183,35
183,37
183,42
183,43
183,45
183,46
183,49
183,50
183,52
183,53
183,55
183,56
183,58
183,64
183,67
183,68
183,69
183,71
183,73
183,75
183,77
183,79
183,85
183,91
183,93
183,95
183,103
183,104
183,107
183,112
183,114
183,121
183,125
183,126
183,130
183,132
183,133
183,134
183,137
183,138
183,141
183,144
183,150
183,151
183,154
183,156
183,157
183,161
183,168
183,169
183,170
183,173
183,176
183,180
183,181
184,10
185,56
186,136
187,33
188,0
188,2
188,3
188,4
188,5
188,8
188,9
188,11
188,14
188,16
188,21
188,22
188,23
188,24
188,25
188,26
188,28
188,30
188,34
188,35
188,36
188,37
188,41
188,42
188,43
188,49
188,52
188,56
188,57
188,58
188,62
188,64
188,66
188,67
188,68
188,71
188,73
188,74
188,75
188,77
188,79
188,80
188,84
188,85
188,86
188,92
188,93
188,102
188,103
188,104
188,107
188,112
188,113
188,114
188,121
188,125
188,126
188,130
188,132
188,133
188,134
188,137
188,138
188,141
188,144
188,146
188,147
188,148
188,149
188,150
188,151
188,154
188,156
188,157
188,159
188,161
188,168
188,169
188,170
188,173
188,176
188,177
188,180
188,181
188,183
189,100
189,131
189,179
190,0
190,1
190,2
190,3
190,4
190,5
190,6
190,8
190,9
190,11
190,12
190,14
190,15
190,16
190,17
190,21
190,22
190,23
190,25
190,27
190,28
190,30
190,31
190,34
190,35
190,36
190,37
190,39
190,42
190,43
190,44
190,45
190,46
190,49
190,50
190,52
190,56
190,57
190,58
190,60
190,62
190,63
190,64
190,65
190,67
190,68
190,70
190,71
190,73
190,74
190,75
190,77
190,79
190,84
190,85
190,86
190,89
190,91
190,92
190,93
190,95
190,96
190,101
190,102
190,103
190,104
190,106
190,107
190,112
190,113
190,114
190,118
190,121
190,126
190,130
190,132
190,133
190,134
190,137
190,138
190,141
190,144
190,146
190,147
190,149
190,150
190,151
190,154
190,156
190,157
190,158
190,159
190,161
190,168
190,169
190,170
190,173
190,176
190,180
190,181
190,183
190,188
191,0
191,1
191,2
191,3
191,4
191,5
191,6
191,8
191,9
191,12
191,14
191,16
191,17
191,21
191,22
191,23
191,24
191,25
191,26
191,27
191,28
191,30
191,34
191,35
191,37
191,39
191,42
191,44
191,45
191,49
191,50
191,52
191,56
191,62
191,64
191,65
191,66
191,67
191,68
191,69
191,70
191,71
191,73
191,74
191,75
191,77
191,79
191,84
191,85
191,89
191,91
191,92
191,96
191,102
191,103
191,107
191,112
191,113
191,114
191,120
191,121
191,125
191,126
191,130
191,133
191,134
191,136
191,138
191,141
191,144
191,146
191,147
191,148
191,149
191,150
191,151
191,154
191,156
191,157
191,161
191,168
191,169
191,170
191,173
191,176
191,180
191,181
191,183
191,188
191,190
192,1
192,2
192,3
192,4
192,5
192,6
192,7
192,8
192,9
192,11
192,12
192,14
192,15
192,16
192,17
192,21
192,22
192,23
192,25
192,27
192,30
192,34
192,35
192,36
192,37
192,39
192,41
192,42
192,43
192,44
192,46
192,49
192,50
192,52
192,56
192,58
192,60
192,64
192,67
192,68
192,69
192,71
192,73
192,74
192,75
192,76
192,77
192,79
192,84
192,85
192,93
192,96
192,97
192,102
192,103
192,104
192,112
192,114
192,121
192,124
192,125
192,126
192,130
192,132
192,133
192,134
192,137
192,138
192,141
192,144
192,147
192,149
192,150
192,151
192,154
192,156
192,157
192,161
192,168
192,169
192,170
192,173
192,176
192,177
192,180
192,181
192,183
192,185
192,188
192,190
192,191
193,0
193,1
193,2
193,3
193,4
193,5
193,6
193,7
193,8
193,9
193,11
193,12
193,13
193,14
193,15
193,16
193,17
193,21
193,22
193,23
193,24
193,25
193,26
193,28
193,30
193,33
193,34
193,36
193,39
193,41
193,42
193,43
193,44
193,46
193,49
193,50
193,52
193,55
193,56
193,57
193,58
193,62
193,64
193,66
193,67
193,70
193,71
193,74
193,75
193,76
193,77
193,79
193,84
193,85
193,89
193,92
193,93
193,96
193,98
193,101
193,102
193,103
193,104
193,106
193,107
193,112
193,113
193,114
193,121
193,124
193,125
193,126
193,130
193,132
193,133
193,134
193,137
193,141
193,144
193,146
193,147
193,149
193,150
193,151
193,154
193,156
193,157
193,161
193,165
193,168
193,169
193,173
193,176
193,180
193,181
193,183
193,188
193,190
193,191
193,192
194,129
195,0
195,1
195,2
195,3
195,4
195,5
195,8
195,9
195,14
195,15
195,16
195,17
195,21
195,22
195,23
195,24
195,25
195,26
195,28
195,31
195,34
195,35
195,36
195,37
195,40
195,41
195,42
195,43
195,44
195,46
195,49
195,50
195,52
195,53
195,54
195,56
195,57
195,58
195,60
195,62
195,63
195,66
195,67
195,68
195,69
195,70
195,71
195,73
195,74
195,75
195,76
195,79
195,84
195,85
195,91
195,92
195,93
195,96
195,98
195,103
195,104
195,106
195,111
195,112
195,113
195,114
195,121
195,122
195,125
195,126
195,130
195,132
195,133
195,134
195,137
195,138
195,141
195,143
195,144
195,147
195,150
195,151
195,154
195,156
195,157
195,161
195,164
195,165
195,168
195,169
195,170
195,173
195,176
195,180
195,181
195,183
195,185
195,188
195,190
195,191
195,192
195,193
196,185
197,0
197,1
197,2
197,3
197,4
197,5
197,7
197,8
197,9
197,11
197,12
197,13
197,14
197,16
197,21
197,22
197,23
197,24
197,25
197,28
197,30
197,34
197,35
197,36
197,40
197,41
197,42
197,43
197,46
197,49
197,50
197,52
197,55
197,56
197,57
197,58
197,61
197,64
197,65
197,67
197,68
197,69
197,70
197,71
197,73
197,74
197,75
197,77
197,79
197,84
197,85
197,86
197,89
197,91
197,93
197,102
197,103
197,104
197,107
197,112
197,113
197,114
197,118
197,121
197,125
197,130
197,133
197,134
197,137
197,138
197,141
197,143
197,144
197,146
197,147
197,148
197,149
197,150
197,151
197,154
197,156
197,157
197,160
197,161
197,168
197,169
197,173
197,176
197,180
197,181
197,183
197,188
197,190
197,191
197,192
197,193
197,195
198,0
198,1
198,2
198,3
198,4
198,5
198,8
198,9
198,11
198,12
198,13
198,14
198,15
198,16
198,20
198,21
198,22
198,23
198,24
198,25
198,26
198,28
198,29
198,30
198,31
198,33
198,35
198,36
198,40
198,41
198,42
198,43
198,44
198,45
198,46
198,49
198,50
198,52
198,54
198,55
198,58
198,60
198,62
198,64
198,67
198,68
198,69
198,70
198,71
198,73
198,74
198,76
198,77
198,82
198,84
198,85
198,86
198,88
198,89
198,91
198,92
198,93
198,96
198,101
198,103
198,104
198,106
198,108
198,112
198,113
198,114
198,118
198,121
198,124
198,125
198,126
198,130
198,132
198,133
198,134
198,135
198,137
198,138
198,141
198,144
198,146
198,147
198,150
198,151
198,154
198,156
198,157
198,159
198,160
198,161
198,168
198,169
198,173
198,176
198,180
198,181
198,183
198,188
198,190
198,191
198,192
198,193
198,195
198,197
199,0
199,1
199,2
199,4
199,5
199,8
199,9
199,11
199,14
199,16
199,20
199,21
199,22
199,23
199,24
199,25
199,28
199,29
199,34
199,35
199,36
199,37
199,39
199,41
199,42
199,43
199,44
199,46
199,49
199,50
199,52
199,55
199,56
199,60
199,62
199,63
199,64
199,65
199,66
199,67
199,69
199,70
199,71
199,73
199,74
199,75
199,76
199,77
199,79
199,84
199,85
199,89
199,91
199,92
199,93
199,96
199,97
199,101
199,102
199,103
199,104
199,107
199,108
199,112
199,114
199,118
199,121
199,125
199,126
199,130
199,132
199,133
199,134
199,136
199,137
199,138
199,141
199,143
199,144
199,146
199,147
199,149
199,150
199,151
199,154
199,156
199,157
199,159
199,161
199,164
199,168
199,169
199,170
199,173
199,176
199,177
199,180
199,181
199,183
199,185
199,188
199,190
199,191
199,192
199,193
199,195
199,197
199,198
200,48
200,117
201,111
202,0
202,1
202,2
202,3
202,4
202,5
202,6
202,7
202,8
202,9
202,11
202,12
202,13
202,14
202,15
202,16
202,17
202,21
202,22
202,23
202,24
202,25
202,26
202,28
202,30
202,31
202,33
202,34
202,35
202,36
202,37
202,39
202,42
202,43
202,44
202,45
202,46
202,49
202,52
202,55
202,56
202,57
202,58
202,60
202,61
202,62
202,63
202,64
202,65
202,66
202,67
202,68
202,69
202,71
202,74
202,75
202,76
202,77
202,79
202,82
202,84
202,85
202,86
202,88
202,89
202,91
202,92
202,93
202,95
202,96
202,99
202,101
202,102
202,103
202,104
202,106
202,109
202,112
202,113
202,114
202,118
202,121
202,122
202,124
202,126
202,129
202,130
202,132
202,133
202,134
202,137
202,138
202,139
202,141
202,144
202,145
202,146
202,147
202,148
202,149
202,150
202,151
202,154
202,156
202,157
202,161
202,168
202,169
202,170
202,173
202,176
202,177
202,180
202,181
202,183
202,185
202,188
202,190
202,191
202,192
202,193
202,195
202,197
202,198
202,199
203,0
203,1
203,2
203,4
203,5
203,6
203,7
203,8
203,9
203,11
203,12
203,14
203,15
203,16
203,17
203,20
203,21
203,22
203,23
203,24
203,25
203,26
203,28
203,29
203,30
203,34
203,35
203,36
203,37
203,39
203,42
203,43
203,44
203,46
203,49
203,50
203,52
203,53
203,55
203,56
203,57
203,58
203,61
203,64
203,67
203,68
203,69
203,70
203,71
203,73
203,74
203,75
203,76
203,77
203,79
203,82
203,85
203,86
203,89
203,92
203,93
203,96
203,98
203,101
203,102
203,103
203,104
203,107
203,108
203,112
203,113
203,114
203,121
203,122
203,124
203,125
203,126
203,130
203,132
203,133
203,134
203,137
203,138
203,139
203,141
203,144
203,146
203,147
203,149
203,150
203,151
203,154
203,156
203,157
203,159
203,160
203,161
203,168
203,169
203,170
203,173
203,176
203,180
203,181
203,183
203,188
203,190
203,191
203,192
203,193
203,195
203,197
203,198
203,199
203,202
204,0
204,1
204,2
204,3
204,4
204,5
204,6
204,7
204,8
204,9
204,11
204,12
204,13
204,14
204,15
204,16
204,17
204,20
204,21
204,22
204,23
204,24
204,25
204,27
204,28
204,29
204,30
204,31
204,34
204,35
204,36
204,37
204,39
204,40
204,41
204,42
204,43
204,44
204,45
204,46
204,49
204,50
204,52
204,53
204,54
204,55
204,56
204,57
204,58
204,60
204,62
204,64
204,65
204,66
204,67
204,68
204,71
204,72
204,73
204,74
204,75
204,77
204,79
204,84
204,85
204,86
204,89
204,91
204,92
204,93
204,96
204,98
204,101
204,102
204,103
204,104
204,107
204,112
204,113
204,114
204,118
204,121
204,122
204,124
204,125
204,126
204,130
204,132
204,133
204,134
204,136
204,137
204,138
204,141
204,142
204,143
204,144
204,147
204,148
204,149
204,150
204,151
204,154
204,156
204,157
204,158
204,160
204,161
204,168
204,169
204,170
204,173
204,176
204,177
204,180
204,181
204,183
204,185
204,188
204,190
204,191
204,192
204,193
204,195
204,197
204,198
204,199
204,202
204,203
205,0
205,1
205,2
205,4
205,5
205,8
205,9
205,11
205,12
205,14
205,15
205,16
205,17
205,21
205,22
205,23
205,24
205,25
205,26
205,28
205,30
205,33
205,34
205,35
205,36
205,37
205,40
205,41
205,42
205,43
205,44
205,46
205,49
205,50
205,52
205,53
205,56
205,57
205,58
205,60
205,61
205,62
205,64
205,65
205,66
205,67
205,68
205,69
205,70
205,71
205,73
205,74
205,75
205,76
205,77
205,79
205,84
205,85
205,86
205,88
205,89
205,91
205,92
205,93
205,95
205,96
205,98
205,99
205,101
205,102
205,103
205,104
205,106
205,107
205,111
205,112
205,113
205,114
205,118
205,121
205,124
205,125
205,126
205,130
205,132
205,133
205,134
205,137
205,138
205,141
205,144
205,146
205,150
205,151
205,154
205,156
205,157
205,161
205,162
205,168
205,169
205,170
205,173
205,176
205,177
205,180
205,181
205,183
205,185
205,188
205,190
205,191
205,192
205,193
205,195
205,197
205,198
205,199
205,201
205,202
205,203
205,204
206,187
207,0
207,1
207,2
207,3
207,4
207,5
207,7
207,8
207,9
207,10
207,11
207,12
207,13
207,14
207,15
207,16
207,17
207,21
207,22
207,23
207,24
207,25
207,26
207,28
207,30
207,31
207,33
207,34
207,35
207,36
207,37
207,39
207,40
207,42
207,43
207,44
207,46
207,49
207,50
207,52
207,53
207,56
207,57
207,58
207,60
207,62
207,63
207,64
207,65
207,66
207,67
207,68
207,69
207,70
207,71
207,72
207,73
207,74
207,75
207,76
207,77
207,79
207,82
207,84
207,85
207,86
207,89
207,91
207,93
207,95
207,96
207,98
207,99
207,101
207,102
207,103
207,104
207,106
207,107
207,108
207,112
207,113
207,114
207,118
207,121
207,122
207,123
207,124
207,125
207,126
207,130
207,132
207,133
207,134
207,135
207,136
207,137
207,138
207,139
207,141
207,142
207,144
207,146
207,147
207,148
207,149
207,150
207,151
207,154
207,156
207,157
207,158
207,159
207,160
207,161
207,165
207,168
207,169
207,170
207,173
207,176
207,177
207,180
207,181
207,183
207,185
207,187
207,188
207,190
207,191
207,192
207,193
207,195
207,197
207,198
207,199
207,201
207,202
207,203
207,204
207,205
207,206
208,0
208,1
208,2
208,3
208,4
208,5
208,6
208,7
208,8
208,9
208,10
208,11
208,12
208,13
208,14
208,15
208,16
208,17
208,19
208,21
208,22
208,23
208,24
208,25
208,26
208,28
208,29
208,30
208,31
208,34
208,35
208,36
208,37
208,40
208,41
208,42
208,43
208,44
208,46
208,52
208,54
208,55
208,56
208,57
208,58
208,60
208,61
208,62
208,63
208,64
208,66
208,67
208,68
208,71
208,74
208,75
208,76
208,77
208,79
208,82
208,84
208,85
208,86
208,89
208,91
208,92
208,93
208,95
208,96
208,99
208,101
208,102
208,103
208,104
208,106
208,107
208,109
208,111
208,112
208,113
208,114
208,118
208,120
208,121
208,125
208,126
208,130
208,132
208,133
208,134
208,136
208,137
208,138
208,141
208,142
208,143
208,144
208,147
208,148
208,150
208,151
208,154
208,156
208,157
208,160
208,161
208,168
208,169
208,170
208,171
208,173
208,176
208,180
208,181
208,183
208,185
208,188
208,190
208,191
208,192
208,193
208,195
208,197
208,198
208,199
208,202
208,203
208,204
208,205
208,207
209,0
209,1
209,2
209,3
209,4
209,5
209,6
209,7
209,8
209,9
209,11
209,12
209,14
209,15
209,16
209,17
209,20
209,21
209,22
209,23
209,24
209,25
209,26
209,27
209,28
209,29
209,30
209,34
209,35
209,36
209,37
209,39
209,41
209,42
209,43
209,44
209,46
209,47
209,49
209,50
209,52
209,55
209,56
209,57
209,58
209,61
209,62
209,64
209,65
209,66
209,67
209,68
209,69
209,70
209,71
209,72
209,73
209,74
209,75
209,76
209,77
209,79
209,84
209,85
209,88
209,89
209,91
209,92
209,93
209,95
209,96
209,98
209,99
209,102
209,103
209,104
209,107
209,108
209,112
209,113
209,114
209,118
209,120
209,121
209,124
209,125
209,126
209,127
209,130
209,132
209,133
209,134
209,136
209,137
209,138
209,139
209,141
209,142
209,143
209,144
209,146
209,147
209,149
209,150
209,151
209,154
209,156
209,157
209,161
209,165
209,168
209,169
209,170
209,173
209,175
209,176
209,177
209,178
209,180
209,181
209,183
209,185
209,188
209,190
209,191
209,192
209,193
209,195
209,196
209,197
209,198
209,199
209,202
209,203
209,204
209,205
209,207
209,208
210,0
210,1
210,2
210,3
210,4
210,5
210,6
210,7
210,8
210,9
210,11
210,12
210,14
210,15
210,16
210,17
210,19
210,21
210,22
210,23
210,24
210,25
210,26
210,27
210,28
210,30
210,34
210,35
210,36
210,37
210,39
210,41
210,42
210,43
210,44
210,45
210,46
210,49
210,50
210,52
210,53
210,55
210,56
210,57
210,58
210,60
210,61
210,62
210,64
210,65
210,66
210,67
210,68
210,69
210,70
210,71
210,73
210,74
210,75
210,76
210,77
210,79
210,84
210,85
210,88
210,89
210,92
210,93
210,95
210,96
210,101
210,102
210,103
210,104
210,106
210,107
210,108
210,109
210,112
210,113
210,114
210,118
210,120
210,121
210,122
210,124
210,125
210,126
210,127
210,130
210,132
210,133
210,134
210,137
210,138
210,139
210,141
210,142
210,143
210,144
210,146
210,148
210,149
210,150
210,151
210,154
210,156
210,157
210,158
210,161
210,168
210,169
210,170
210,173
210,176
210,177
210,180
210,181
210,183
210,185
210,188
210,190
210,191
210,192
210,193
210,195
210,197
210,198
210,199
210,202
210,203
210,204
210,205
210,207
210,208
210,209
211,194
212,0
212,1
212,2
212,4
212,5
212,6
212,7
212,8
212,9
212,11
212,12
212,14
212,16
212,17
212,20
212,21
212,22
212,23
212,24
212,25
212,26
212,27
212,28
212,29
212,30
212,31
212,33
212,34
212,35
212,36
212,37
212,39
212,40
212,41
212,42
212,43
212,44
212,45
212,46
212,49
212,50
212,52
212,53
212,55
212,56
212,57
212,58
212,60
212,62
212,64
212,65
212,66
212,67
212,68
212,70
212,71
212,73
212,74
212,75
212,76
212,77
212,79
212,82
212,84
212,85
212,86
212,88
212,89
212,91
212,92
212,93
212,95
212,96
212,97
212,101
212,102
212,103
212,104
212,106
212,111
212,112
212,113
212,114
212,118
212,121
212,122
212,124
212,125
212,126
212,130
212,132
212,133
212,134
212,137
212,138
212,139
212,141
212,142
212,143
212,144
212,146
212,147
212,148
212,149
212,150
212,151
212,154
212,156
212,157
212,158
212,160
212,161
212,168
212,169
212,170
212,173
212,176
212,177
212,180
212,181
212,183
212,185
212,188
212,190
212,191
212,192
212,193
212,195
212,197
212,198
212,199
212,201
212,202
212,203
212,204
212,205
212,207
212,208
212,209
212,210
213,99
214,129
214,155
215,115
216,0
216,1
216,2
216,3
216,4
216,5
216,6
216,7
216,8
216,9
216,10
216,11
216,12
216,13
216,14
216,15
216,16
216,17
216,20
216,21
216,22
216,23
216,24
216,25
216,26
216,27
216,28
216,29
216,30
216,34
216,35
216,36
216,37
216,39
216,40
216,41
216,42
216,43
216,44
216,46
216,49
216,50
216,52
216,53
216,54
216,55
216,56
216,57
216,58
216,60
216,61
216,62
216,63
216,64
216,65
216,66
216,67
216,68
216,69
216,70
216,71
216,72
216,73
216,74
216,75
216,76
216,77
216,79
216,84
216,85
216,86
216,88
216,89
216,91
216,92
216,93
216,95
216,96
216,97
216,101
216,102
216,103
216,104
216,106
216,107
216,108
216,111
216,112
216,113
216,114
216,118
216,120
216,121
216,122
216,124
216,125
216,126
216,127
216,130
216,132
216,133
216,134
216,137
216,138
216,139
216,141
216,142
216,144
216,147
216,148
216,149
216,150
216,151
216,154
216,156
216,157
216,160
216,161
216,168
216,169
216,173
216,175
216,176
216,177
216,180
216,181
216,183
216,185
216,187
216,188
216,190
216,191
216,192
216,193
216,195
216,197
216,198
216,199
216,202
216,203
216,204
216,205
216,206
216,207
216,208
216,209
216,210
216,212
217,187
218,0
218,1
218,2
218,3
218,4
218,5
218,6
218,7
218,8
218,9
218,10
218,11
218,12
218,13
218,14
218,15
218,16
218,17
218,20
218,21
218,23
218,24
218,25
218,27
218,28
218,29
218,30
218,31
218,33
218,34
218,35
218,36
218,37
218,41
218,42
218,43
218,44
218,45
218,46
218,49
218,50
218,52
218,54
218,55
218,56
218,57
218,58
218,60
218,61
218,63
218,64
218,66
218,67
218,68
218,69
218,70
218,71
218,73
218,74
218,75
218,76
218,77
218,79
218,80
218,82
218,84
218,85
218,86
218,88
218,89
218,90
218,91
218,92
218,93
218,95
218,96
218,98
218,99
218,101
218,102
218,103
218,104
218,107
218,109
218,111
218,112
218,113
218,114
218,118
218,121
218,122
218,123
218,124
218,125
218,126
218,130
218,132
218,133
218,134
218,136
218,137
218,138
218,139
218,141
218,143
218,144
218,146
218,147
218,148
218,149
218,150
218,151
218,154
218,156
218,157
218,161
218,164
218,168
218,169
218,170
218,173
218,176
218,177
218,180
218,181
218,183
218,185
218,187
218,188
218,190
218,191
218,192
218,193
218,195
218,196
218,197
218,198
218,199
218,202
218,203
218,204
218,205
218,207
218,208
218,209
218,210
218,212
218,216
219,115
220,0
220,1
220,3
220,4
220,5
220,6
220,7
220,8
220,9
220,10
220,11
220,12
220,13
220,14
220,15
220,16
220,17
220,20
220,21
220,22
220,23
220,24
220,25
220,26
220,27
220,28
220,29
220,30
220,31
220,33
220,34
220,35
220,36
220,37
220,39
220,40
220,42
220,43
220,44
220,46
220,49
220,50
220,52
220,53
220,55
220,56
220,57
220,58
220,60
220,61
220,62
220,63
220,64
220,65
220,67
220,68
220,69
220,71
220,72
220,73
220,74
220,75
220,76
220,77
220,79
220,80
220,82
220,84
220,85
220,86
220,90
220,92
220,93
220,95
220,96
220,97
220,99
220,101
220,102
220,103
220,104
220,107
220,108
220,112
220,113
220,114
220,118
220,120
220,121
220,122
220,124
220,125
220,126
220,129
220,130
220,132
220,133
220,134
220,137
220,138
220,140
220,141
220,143
220,144
220,146
220,147
220,148
220,149
220,150
220,151
220,154
220,156
220,157
220,158
220,160
220,161
220,165
220,168
220,169
220,170
220,171
220,173
220,176
220,180
220,181
220,183
220,185
220,188
220,190
220,191
220,192
220,193
220,195
220,197
220,198
220,199
220,201
220,202
220,203
220,204
220,205
220,207
220,208
220,209
220,210
220,212
220,216
220,218
221,0
221,1
221,2
221,3
221,4
221,5
221,6
221,8
221,9
221,11
221,12
221,13
221,14
221,15
221,16
221,17
221,20
221,21
221,22
221,23
221,24
221,25
221,26
221,27
221,28
221,30
221,31
221,33
221,34
221,35
221,36
221,37
221,39
221,40
221,41
221,42
221,43
221,44
221,46
221,49
221,50
221,52
221,53
221,55
221,56
221,57
221,58
221,60
221,61
221,62
221,64
221,65
221,66
221,67
221,68
221,69
221,70
221,71
221,73
221,74
221,75
221,77
221,79
221,80
221,82
221,84
221,85
221,86
221,89
221,90
221,91
221,92
221,93
221,95
221,96
221,97
221,99
221,101
221,102
221,103
221,104
221,106
221,107
221,111
221,112
221,113
221,114
221,118
221,121
221,125
221,126
221,130
221,132
221,133
221,134
221,137
221,138
221,141
221,143
221,144
221,146
221,147
221,149
221,150
221,151
221,154
221,156
221,157
221,161
221,168
221,169
221,170
221,171
221,173
221,176
221,177
221,180
221,181
221,183
221,185
221,187
221,188
221,190
221,191
221,192
221,193
221,195
221,197
221,198
221,199
221,202
221,203
221,204
221,205
221,207
221,208
221,209
221,210
221,212
221,216
221,218
221,220
222,0
222,1
222,2
222,3
222,4
222,5
222,6
222,7
222,8
222,9
222,10
222,11
222,12
222,13
222,14
222,16
222,17
222,21
222,22
222,23
222,24
222,25
222,26
222,27
222,28
222,29
222,31
222,34
222,35
222,36
222,37
222,39
222,41
222,42
222,43
222,44
222,46
222,49
222,50
222,52
222,53
222,55
222,56
222,57
222,58
222,60
222,61
222,62
222,64
222,65
222,66
222,67
222,68
222,69
222,70
222,71
222,72
222,73
222,74
222,75
222,76
222,77
222,79
222,84
222,85
222,89
222,91
222,92
222,93
222,95
222,96
222,97
222,99
222,101
222,102
222,103
222,104
222,107
222,111
222,112
222,113
222,114
222,118
222,120
222,121
222,122
222,124
222,125
222,126
222,130
222,132
222,133
222,134
222,137
222,138
222,141
222,142
222,143
222,144
222,146
222,147
222,148
222,149
222,150
222,151
222,154
222,156
222,157
222,160
222,161
222,165
222,168
222,169
222,170
222,171
222,173
222,175
222,176
222,180
222,181
222,183
222,185
222,188
222,190
222,191
222,192
222,193
222,195
222,197
222,198
222,199
222,201
222,202
222,203
222,204
222,205
222,207
222,208
222,209
222,210
222,212
222,216
222,218
222,220
222,221
223,0
223,1
223,2
223,3
223,4
223,5
223,6
223,7
223,8
223,9
223,10
223,11
223,12
223,13
223,14
223,15
223,16
223,17
223,20
223,21
223,22
223,23
223,24
223,25
223,26
223,28
223,29
223,30
223,31
223,33
223,34
223,35
223,36
223,37
223,39
223,41
223,42
223,43
223,44
223,45
223,49
223,50
223,52
223,53
223,54
223,56
223,57
223,58
223,60
223,61
223,62
223,63
223,64
223,65
223,66
223,67
223,68
223,69
223,70
223,71
223,73
223,74
223,75
223,76
223,77
223,79
223,84
223,85
223,86
223,89
223,91
223,92
223,93
223,96
223,97
223,98
223,101
223,102
223,103
223,104
223,107
223,111
223,112
223,114
223,118
223,120
223,121
223,122
223,124
223,125
223,126
223,127
223,130
223,132
223,133
223,134
223,137
223,138
223,139
223,141
223,142
223,143
223,144
223,146
223,147
223,148
223,149
223,150
223,151
223,154
223,156
223,157
223,161
223,168
223,169
223,170
223,173
223,176
223,180
223,181
223,183
223,184
223,185
223,188
223,190
223,191
223,192
223,193
223,195
223,197
223,198
223,199
223,201
223,202
223,203
223,204
223,205
223,207
223,208
223,209
223,210
223,212
223,216
223,218
223,220
223,221
223,222
224,182
225,0
225,1
225,2
225,3
225,4
225,5
225,6
225,7
225,8
225,9
225,10
225,11
225,12
225,13
225,14
225,15
225,16
225,17
225,20
225,21
225,22
225,23
225,24
225,25
225,26
225,27
225,28
225,29
225,30
225,31
225,33
225,34
225,35
225,36
225,37
225,39
225,41
225,42
225,43
225,44
225,45
225,46
225,50
225,52
225,53
225,56
225,57
225,58
225,60
225,62
225,64
225,65
225,66
225,67
225,68
225,69
225,70
225,71
225,72
225,73
225,74
225,75
225,76
225,77
225,79
225,80
225,82
225,84
225,85
225,86
225,88
225,89
225,90
225,91
225,92
225,93
225,96
225,97
225,98
225,101
225,102
225,103
225,104
225,106
225,107
225,111
225,112
225,113
225,114
225,118
225,120
225,121
225,124
225,125
225,126
225,127
225,130
225,132
225,133
225,134
225,136
225,137
225,138
225,141
225,142
225,143
225,144
225,146
225,147
225,148
225,149
225,150
225,151
225,154
225,156
225,157
225,158
225,160
225,161
225,165
225,168
225,169
225,173
225,176
225,180
225,181
225,183
225,185
225,188
225,190
225,191
225,192
225,193
225,195
225,196
225,197
225,198
225,199
225,201
225,202
225,203
225,204
225,205
225,207
225,208
225,209
225,210
225,212
225,216
225,218
225,220
225,221
225,222
225,223
226,152
227,0
227,1
227,2
227,3
227,4
227,5
227,6
227,7
227,8
227,9
227,10
227,11
227,12
227,13
227,14
227,15
227,16
227,17
227,20
227,21
227,22
227,23
227,24
227,25
227,26
227,27
227,28
227,29
227,30
227,31
227,33
227,34
227,35
227,36
227,37
227,39
227,41
227,42
227,43
227,44
227,45
227,46
227,49
227,50
227,51
227,52
227,56
227,57
227,60
227,61
227,63
227,64
227,65
227,66
227,67
227,68
227,69
227,70
227,71
227,72
227,73
227,74
227,75
227,76
227,77
227,79
227,80
227,84
227,85
227,88
227,89
227,91
227,92
227,93
227,95
227,96
227,97
227,98
227,99
227,101
227,102
227,103
227,104
227,107
227,108
227,112
227,113
227,114
227,118
227,121
227,123
227,124
227,125
227,126
227,127
227,130
227,132
227,133
227,134
227,135
227,136
227,137
227,138
227,141
227,142
227,143
227,144
227,146
227,147
227,148
227,150
227,151
227,154
227,156
227,157
227,158
227,160
227,161
227,165
227,168
227,169
227,170
227,173
227,175
227,176
227,180
227,181
227,183
227,186
227,188
227,190
227,191
227,192
227,193
227,195
227,197
227,198
227,199
227,202
227,203
227,204
227,205
227,207
227,208
227,209
227,210
227,212
227,216
227,218
227,220
227,221
227,222
227,223
227,225
228,51
229,0
229,1
229,2
229,3
229,4
229,5
229,6
229,7
229,8
229,9
229,10
229,11
229,12
229,13
229,14
229,15
229,16
229,17
229,18
229,21
229,22
229,23
229,24
229,25
229,26
229,27
229,28
229,29
229,30
229,31
229,33
229,34
229,35
229,36
229,37
229,39
229,40
229,41
229,42
229,43
229,44
229,45
229,46
229,47
229,50
229,52
229,53
229,54
229,55
229,56
229,57
229,58
229,59
229,60
229,61
229,62
229,63
229,64
229,65
229,66
229,67
229,68
229,69
229,70
229,71
229,72
229,73
229,74
229,75
229,76
229,77
229,79
229,80
229,82
229,84
229,85
229,86
229,88
229,89
229,90
229,91
229,92
229,93
229,95
229,96
229,98
229,99
229,101
229,102
229,103
229,104
229,105
229,107
229,109
229,112
229,113
229,114
229,118
229,121
229,122
229,124
229,125
229,126
229,129
229,130
229,132
229,133
229,134
229,135
229,136
229,137
229,138
229,139
229,141
229,142
229,143
229,144
229,146
229,147
229,148
229,149
229,150
229,151
229,154
229,156
229,157
229,159
229,160
229,161
229,165
229,168
229,169
229,170
229,171
229,173
229,175
229,176
229,177
229,180
229,181
229,183
229,185
229,186
229,187
229,188
229,190
229,191
229,192
229,193
229,195
229,197
229,198
229,199
229,202
229,203
229,204
229,205
229,207
229,208
229,209
229,210
229,212
229,216
229,217
229,218
229,220
229,221
229,222
229,223
229,225
229,227
230,158
231,0
231,1
231,2
231,3
231,4
231,5
231,6
231,7
231,8
231,9
231,10
231,11
231,13
231,14
231,15
231,16
231,17
231,18
231,19
231,20
231,21
231,22
231,23
231,24
231,25
231,26
231,28
231,29
231,30
231,31
231,33
231,34
231,35
231,36
231,37
231,39
231,41
231,42
231,43
231,44
231,45
231,46
231,49
231,50
231,52
231,53
231,56
231,57
231,58
231,59
231,60
231,61
231,62
231,63
231,64
231,65
231,66
231,67
231,68
231,69
231,70
231,71
231,72
231,73
231,74
231,75
231,76
231,77
231,78
231,79
231,80
231,84
231,85
231,86
231,88
231,89
231,90
231,91
231,92
231,93
231,95
231,96
231,97
231,99
231,100
231,101
231,102
231,103
231,104
231,107
231,108
231,109
231,111
231,112
231,113
231,114
231,118
231,120
231,121
231,122
231,123
231,124
231,125
231,126
231,127
231,130
231,132
231,133
231,134
231,136
231,137
231,138
231,140
231,141
231,142
231,144
231,146
231,147
231,148
231,149
231,150
231,151
231,154
231,156
231,157
231,159
231,160
231,161
231,162
231,165
231,168
231,169
231,170
231,171
231,173
231,176
231,180
231,181
231,183
231,185
231,186
231,187
231,188
231,190
231,191
231,192
231,193
231,195
231,197
231,198
231,199
231,202
231,203
231,204
231,205
231,207
231,208
231,209
231,210
231,212
231,216
231,217
231,218
231,220
231,221
231,222
231,223
231,225
231,227
231,229
232,100
233,0
233,1
233,2
233,3
233,4
233,5
233,6
233,7
233,8
233,9
233,10
233,11
233,12
233,13
233,14
233,15
233,16
233,17
233,18
233,20
233,21
233,22
233,23
233,24
233,25
233,26
233,27
233,28
233,29
233,30
233,31
233,33
233,34
233,35
233,36
233,37
233,39
233,40
233,41
233,42
233,43
233,44
233,45
233,46
233,47
233,49
233,50
233,52
233,53
233,55
233,56
233,57
233,58
233,60
233,61
233,62
233,64
233,65
233,66
233,67
233,68
233,69
233,70
233,71
233,72
233,73
233,74
233,75
233,76
233,77
233,78
233,79
233,80
233,84
233,85
233,86
233,88
233,89
233,90
233,91
233,92
233,93
233,95
233,96
233,97
233,98
233,101
233,102
233,103
233,104
233,107
233,111
233,112
233,113
233,114
233,118
233,120
233,121
233,122
233,124
233,125
233,126
233,127
233,129
233,130
233,132
233,133
233,134
233,136
233,137
233,138
233,139
233,141
233,142
233,143
233,144
233,145
233,146
233,147
233,148
233,149
233,150
233,151
233,154
233,156
233,157
233,158
233,160
233,161
233,165
233,168
233,169
233,170
233,171
233,173
233,176
233,178
233,180
233,181
233,183
233,185
233,187
233,188
233,190
233,191
233,192
233,193
233,195
233,196
233,197
233,198
233,199
233,201
233,202
233,203
233,204
233,205
233,207
233,208
233,209
233,210
233,212
233,216
233,217
233,218
233,220
233,221
233,222
233,223
233,225
233,227
233,229
233,231
234,0
234,1
234,2
234,3
234,4
234,5
234,6
234,7
234,8
234,9
234,10
234,11
234,12
234,13
234,14
234,15
234,16
234,17
234,20
234,21
234,22
234,23
234,24
234,25
234,26
234,27
234,28
234,29
234,30
234,33
234,34
234,35
234,36
234,37
234,39
234,40
234,41
234,42
234,43
234,44
234,45
234,46
234,47
234,49
234,50
234,52
234,53
234,54
234,55
234,56
234,57
234,58
234,60
234,61
234,62
234,63
234,64
234,65
234,66
234,67
234,68
234,69
234,70
234,71
234,72
234,73
234,74
234,75
234,76
234,77
234,79
234,82
234,84
234,85
234,86
234,88
234,89
234,90
234,91
234,92
234,93
234,95
234,96
234,98
234,99
234,101
234,102
234,103
234,104
234,105
234,106
234,107
234,108
234,111
234,112
234,113
234,114
234,118
234,120
234,121
234,122
234,124
234,125
234,126
234,130
234,132
234,133
234,134
234,135
234,136
234,137
234,138
234,139
234,140
234,141
234,142
234,144
234,146
234,147
234,148
234,149
234,150
234,151
234,154
234,156
234,157
234,158
234,159
234,160
234,161
234,165
234,168
234,169
234,170
234,173
234,175
234,176
234,177
234,180
234,181
234,183
234,185
234,186
234,187
234,188
234,190
234,191
234,192
234,193
234,195
234,196
234,197
234,198
234,199
234,201
234,202
234,203
234,204
234,205
234,206
234,207
234,208
234,209
234,210
234,212
234,216
234,217
234,218
234,220
234,221
234,222
234,223
234,225
234,227
234,229
234,231
234,233
235,0
235,1
235,2
235,3
235,4
235,5
235,6
235,7
235,8
235,9
235,10
235,11
235,12
235,13
235,14
235,15
235,16
235,17
235,18
235,19
235,22
235,23
235,24
235,25
235,26
235,27
235,28
235,29
235,30
235,31
235,33
235,34
235,35
235,36
235,37
235,39
235,40
235,41
235,42
235,43
235,44
235,45
235,46
235,47
235,49
235,50
235,52
235,53
235,54
235,56
235,57
235,58
235,60
235,62
235,63
235,64
235,65
235,66
235,67
235,68
235,69
235,70
235,71
235,73
235,74
235,75
235,76
235,77
235,79
235,80
235,82
235,84
235,85
235,86
235,88
235,89
235,90
235,91
235,92
235,93
235,95
235,96
235,97
235,98
235,99
235,101
235,102
235,103
235,104
235,106
235,107
235,108
235,109
235,111
235,112
235,114
235,118
235,120
235,121
235,122
235,124
235,125
235,126
235,127
235,130
235,133
235,134
235,136
235,137
235,138
235,139
235,140
235,141
235,142
235,143
235,144
235,146
235,147
235,148
235,149
235,150
235,151
235,154
235,156
235,157
235,158
235,159
235,160
235,161
235,162
235,165
235,168
235,169
235,170
235,173
235,176
235,178
235,180
235,181
235,182
235,183
235,184
235,186
235,187
235,188
235,190
235,191
235,192
235,193
235,195
235,197
235,198
235,199
235,202
235,203
235,204
235,205
235,206
235,207
235,208
235,209
235,210
235,212
235,216
235,217
235,218
235,220
235,221
235,222
235,223
235,225
235,227
235,229
235,231
235,233
235,234
236,0
236,1
236,2
236,3
236,4
236,5
236,6
236,7
236,8
236,9
236,10
236,11
236,12
236,13
236,14
236,15
236,16
236,17
236,18
236,19
236,20
236,21
236,22
236,23
236,24
236,25
236,26
236,28
236,29
236,30
236,31
236,33
236,34
236,35
236,36
236,37
236,39
236,40
236,41
236,42
236,43
236,44
236,46
236,47
236,49
236,50
236,51
236,52
236,54
236,55
236,56
236,57
236,58
236,60
236,61
236,62
236,63
236,64
236,65
236,66
236,67
236,68
236,69
236,70
236,71
236,72
236,73
236,74
236,75
236,76
236,77
236,79
236,82
236,84
236,85
236,86
236,90
236,91
236,92
236,93
236,95
236,96
236,97
236,98
236,99
236,100
236,101
236,102
236,103
236,104
236,106
236,107
236,108
236,109
236,111
236,112
236,113
236,114
236,118
236,121
236,122
236,123
236,124
236,125
236,126
236,127
236,130
236,131
236,132
236,133
236,134
236,135
236,136
236,137
236,138
236,139
236,141
236,142
236,143
236,144
236,146
236,147
236,148
236,149
236,150
236,151
236,154
236,156
236,157
236,158
236,161
236,162
236,165
236,168
236,169
236,170
236,171
236,173
236,175
236,176
236,177
236,180
236,181
236,183
236,185
236,187
236,188
236,190
236,191
236,192
236,193
236,195
236,196
236,197
236,198
236,199
236,201
236,202
236,203
236,204
236,205
236,207
236,208
236,209
236,210
236,212
236,213
236,216
236,217
236,218
236,220
236,221
236,222
236,223
236,225
236,227
236,229
236,231
236,233
236,234
236,235
237,0
237,1
237,2
237,3
237,4
237,5
237,6
237,7
237,8
237,9
237,10
237,11
237,12
237,13
237,14
237,15
237,16
237,17
237,20
237,21
237,22
237,23
237,24
237,25
237,26
237,27
237,28
237,29
237,30
237,31
237,34
237,35
237,36
237,37
237,39
237,40
237,41
237,42
237,43
237,44
237,45
237,46
237,47
237,49
237,50
237,52
237,53
237,55
237,56
237,57
237,58
237,60
237,61
237,62
237,63
237,64
237,65
237,66
237,67
237,68
237,69
237,70
237,71
237,72
237,73
237,74
237,75
237,76
237,77
237,78
237,79
237,80
237,84
237,85
237,86
237,88
237,89
237,90
237,91
237,92
237,93
237,95
237,96
237,97
237,98
237,99
237,101
237,102
237,103
237,104
237,105
237,106
237,107
237,108
237,109
237,111
237,112
237,113
237,114
237,120
237,121
237,122
237,123
237,124
237,125
237,126
237,129
237,130
237,132
237,133
237,134
237,135
237,136
237,137
237,138
237,139
237,140
237,141
237,142
237,143
237,144
237,145
237,146
237,147
237,148
237,149
237,150
237,151
237,154
237,156
237,157
237,158
237,159
237,160
237,161
237,162
237,165
237,168
237,169
237,170
237,172
237,173
237,175
237,176
237,177
237,178
237,180
237,181
237,183
237,184
237,185
237,186
237,188
237,190
237,191
237,192
237,193
237,194
237,195
237,197
237,198
237,199
237,201
237,202
237,203
237,204
237,205
237,207
237,208
237,209
237,210
237,212
237,213
237,216
237,217
237,218
237,220
237,221
237,222
237,223
237,225
237,227
237,229
237,231
237,233
237,234
237,235
237,236
238,139
239,0
239,1
239,2
239,3
239,4
239,5
239,6
239,7
239,8
239,9
239,10
239,11
239,12
239,13
239,14
239,15
239,16
239,17
239,18
239,21
239,22
239,23
239,24
239,25
239,26
239,27
239,28
239,29
239,30
239,31
239,33
239,34
239,35
239,36
239,37
239,39
239,40
239,41
239,42
239,43
239,44
239,45
239,46
239,47
239,49
239,50
239,51
239,52
239,53
239,55
239,56
239,57
239,58
239,60
239,61
239,62
239,63
239,64
239,65
239,66
239,67
239,68
239,69
239,70
239,71
239,72
239,73
239,74
239,75
239,76
239,77
239,78
239,79
239,82
239,84
239,85
239,86
239,88
239,89
239,90
239,91
239,92
239,93
239,95
239,96
239,97
239,98
239,100
239,101
239,102
239,103
239,105
239,106
239,107
239,108
239,111
239,112
239,113
239,114
239,118
239,120
239,121
239,122
239,123
239,124
239,125
239,126
239,127
239,129
239,130
239,131
239,132
239,133
239,134
239,135
239,136
239,137
239,138
239,139
239,141
239,142
239,143
239,144
239,146
239,147
239,148
239,149
239,150
239,151
239,154
239,156
239,157
239,158
239,161
239,164
239,165
239,168
239,169
239,170
239,171
239,172
239,173
239,176
239,178
239,179
239,180
239,181
239,183
239,185
239,188
239,190
239,191
239,192
239,193
239,195
239,197
239,198
239,199
239,202
239,203
239,204
239,205
239,207
239,208
239,209
239,210
239,212
239,214
239,216
239,218
239,220
239,221
239,222
239,223
239,225
239,227
239,229
239,231
239,233
239,234
239,235
239,236
239,237
240,0
240,1
240,2
240,3
240,4
240,5
240,6
240,7
240,8
240,9
240,10
240,11
240,12
240,13
240,14
240,15
240,16
240,17
240,18
240,20
240,21
240,22
240,23
240,24
240,25
240,26
240,27
240,28
240,29
240,30
240,31
240,33
240,34
240,35
240,36
240,37
240,40
240,41
240,42
240,43
240,44
240,45
240,46
240,47
240,49
240,50
240,52
240,53
240,54
240,55
240,56
240,57
240,58
240,60
240,61
240,62
240,63
240,64
240,65
240,66
240,67
240,68
240,69
240,70
240,71
240,72
240,73
240,74
240,75
240,76
240,77
240,78
240,79
240,80
240,82
240,84
240,85
240,86
240,88
240,89
240,90
240,91
240,92
240,93
240,95
240,96
240,97
240,99
240,100
240,101
240,102
240,103
240,104
240,105
240,106
240,107
240,108
240,109
240,111
240,112
240,113
240,114
240,118
240,121
240,122
240,125
240,126
240,130
240,132
240,133
240,134
240,136
240,137
240,138
240,139
240,141
240,142
240,143
240,144
240,145
240,146
240,147
240,148
240,149
240,150
240,151
240,154
240,156
240,157
240,158
240,159
240,160
240,161
240,164
240,165
240,168
240,169
240,170
240,171
240,172
240,173
240,176
240,177
240,178
240,180
240,181
240,183
240,184
240,185
240,186
240,187
240,188
240,190
240,191
240,192
240,193
240,195
240,197
240,198
240,199
240,201
240,202
240,203
240,204
240,205
240,206
240,207
240,208
240,209
240,210
240,212
240,213
240,216
240,218
240,220
240,221
240,222
240,223
240,225
240,227
240,229
240,231
240,232
240,233
240,234
240,235
240,236
240,237
240,238
240,239
241,0
241,1
241,2
241,3
241,4
241,5
241,6
241,7
241,8
241,9
241,10
241,11
241,12
241,13
241,14
241,15
241,16
241,17
241,19
241,20
241,21
241,22
241,23
241,24
241,25
241,26
241,27
241,28
241,29
241,30
241,31
241,33
241,34
241,35
241,36
241,37
241,39
241,40
241,41
241,42
241,43
241,44
241,45
241,46
241,47
241,49
241,50
241,52
241,53
241,54
241,55
241,56
241,57
241,58
241,60
241,61
241,62
241,63
241,64
241,65
241,66
241,67
241,68
241,69
241,70
241,71
241,73
241,74
241,75
241,77
241,78
241,79
241,80
241,82
241,84
241,85
241,86
241,89
241,90
241,91
241,92
241,93
241,95
241,96
241,97
241,98
241,99
241,100
241,101
241,102
241,103
241,104
241,106
241,107
241,108
241,111
241,112
241,113
241,114
241,118
241,120
241,121
241,122
241,123
241,124
241,125
241,126
241,127
241,130
241,131
241,132
241,133
241,134
241,135
241,136
241,137
241,138
241,139
241,141
241,142
241,143
241,144
241,146
241,147
241,148
241,149
241,150
241,151
241,154
241,156
241,157
241,158
241,159
241,160
241,161
241,165
241,168
241,169
241,170
241,171
241,172
241,173
241,175
241,176
241,178
241,180
241,181
241,182
241,183
241,184
241,185
241,186
241,187
241,188
241,189
241,190
241,191
241,192
241,193
241,195
241,196
241,197
241,198
241,199
241,201
241,202
241,203
241,204
241,205
241,206
241,207
241,208
241,209
241,210
241,212
241,213
241,214
241,216
241,217
241,218
241,220
241,221
241,222
241,223
241,225
241,227
241,229
241,231
241,233
241,234
241,235
241,236
241,237
241,239
241,240
242,0
242,1
242,2
242,3
242,4
242,5
242,6
242,7
242,8
242,9
242,10
242,11
242,12
242,13
242,14
242,15
242,16
242,17
242,20
242,21
242,22
242,23
242,24
242,25
242,26
242,27
242,28
242,29
242,30
242,31
242,33
242,34
242,35
242,36
242,37
242,39
242,40
242,41
242,42
242,43
242,44
242,45
242,46
242,47
242,49
242,52
242,53
242,55
242,56
242,57
242,58
242,60
242,61
242,62
242,63
242,64
242,65
242,66
242,67
242,68
242,69
242,70
242,71
242,72
242,73
242,74
242,75
242,76
242,77
242,79
242,80
242,84
242,85
242,86
242,88
242,89
242,90
242,91
242,92
242,93
242,95
242,96
242,97
242,98
242,99
242,101
242,102
242,103
242,104
242,105
242,106
242,107
242,108
242,109
242,111
242,112
242,113
242,114
242,118
242,120
242,121
242,122
242,123
242,124
242,125
242,126
242,127
242,129
242,130
242,132
242,133
242,134
242,136
242,137
242,138
242,139
242,141
242,142
242,144
242,146
242,147
242,148
242,149
242,150
242,151
242,154
242,156
242,157
242,158
242,159
242,160
242,161
242,162
242,165
242,168
242,169
242,170
242,172
242,173
242,175
242,176
242,177
242,180
242,181
242,183
242,184
242,186
242,187
242,188
242,189
242,190
242,191
242,192
242,193
242,194
242,195
242,196
242,197
242,198
242,199
242,201
242,202
242,203
242,204
242,205
242,207
242,208
242,209
242,210
242,212
242,214
242,216
242,218
242,220
242,221
242,222
242,223
242,225
242,227
242,229
242,231
242,233
242,234
242,235
242,236
242,237
242,238
242,239
242,240
242,241
243,0
243,1
243,2
243,3
243,4
243,5
243,6
243,7
243,8
243,9
243,11
243,12
243,13
243,14
243,15
243,16
243,17
243,18
243,19
243,20
243,21
243,22
243,23
243,24
243,25
243,26
243,27
243,28
243,29
243,30
243,31
243,32
243,33
243,34
243,35
243,36
243,37
243,39
243,40
243,41
243,42
243,43
243,44
243,46
243,47
243,49
243,50
243,52
243,53
243,54
243,55
243,56
243,57
243,58
243,59
243,60
243,61
243,62
243,64
243,65
243,66
243,67
243,68
243,69
243,70
243,71
243,72
243,73
243,74
243,75
243,76
243,77
243,78
243,79
243,80
243,82
243,84
243,85
243,86
243,88
243,89
243,90
243,91
243,92
243,93
243,94
243,95
243,96
243,97
243,98
243,99
243,101
243,102
243,103
243,104
243,105
243,106
243,107
243,108
243,112
243,113
243,114
243,116
243,118
243,120
243,121
243,122
243,123
243,124
243,125
243,126
243,127
243,129
243,130
243,132
243,133
243,134
243,135
243,136
243,137
243,138
243,139
243,140
243,141
243,143
243,144
243,145
243,146
243,147
243,148
243,149
243,150
243,151
243,154
243,156
243,157
243,158
243,159
243,160
243,161
243,165
243,168
243,169
243,170
243,171
243,173
243,175
243,176
243,177
243,180
243,181
243,183
243,185
243,188
243,190
243,191
243,192
243,193
243,194
243,195
243,197
243,198
243,199
243,201
243,202
243,203
243,204
243,205
243,207
243,208
243,209
243,210
243,212
243,214
243,216
243,218
243,220
243,221
243,222
243,223
243,225
243,227
243,229
243,230
243,231
243,233
243,234
243,235
243,236
243,237
243,238
243,239
243,240
243,241
243,242
244,0
244,1
244,2
244,3
244,4
244,5
244,6
244,7
244,8
244,9
244,10
244,11
244,12
244,13
244,14
244,15
244,16
244,17
244,18
244,20
244,21
244,22
244,23
244,24
244,25
244,26
244,27
244,28
244,29
244,30
244,31
244,33
244,34
244,35
244,36
244,37
244,39
244,40
244,41
244,42
244,43
244,44
244,45
244,46
244,47
244,49
244,50
244,52
244,53
244,56
244,57
244,58
244,59
244,60
244,61
244,62
244,64
244,65
244,66
244,67
244,68
244,69
244,70
244,71
244,72
244,73
244,74
244,75
244,76
244,77
244,78
244,79
244,80
244,82
244,84
244,85
244,86
244,88
244,89
244,90
244,91
244,92
244,93
244,95
244,96
244,97
244,98
244,99
244,101
244,102
244,103
244,104
244,106
244,107
244,108
244,111
244,112
244,113
244,114
244,118
244,120
244,121
244,122
244,123
244,124
244,125
244,126
244,127
244,129
244,130
244,132
244,133
244,134
244,137
244,138
244,139
244,140
244,141
244,142
244,143
244,144
244,146
244,147
244,148
244,149
244,150
244,151
244,152
244,154
244,155
244,156
244,157
244,158
244,159
244,160
244,161
244,162
244,165
244,168
244,169
244,170
244,171
244,172
244,173
244,175
244,176
244,177
244,178
244,180
244,181
244,183
244,184
244,185
244,186
244,187
244,188
244,190
244,191
244,192
244,193
244,195
244,196
244,197
244,198
244,199
244,201
244,202
244,203
244,204
244,205
244,206
244,207
244,208
244,209
244,210
244,212
244,213
244,216
244,217
244,218
244,220
244,221
244,222
244,223
244,225
244,226
244,227
244,229
244,231
244,233
244,234
244,235
244,236
244,237
244,239
244,240
244,241
244,242
244,243
245,131
245,179
245,189
246,0
246,1
246,2
246,3
246,4
246,5
246,6
246,7
246,8
246,9
246,10
246,11
246,12
246,13
246,14
246,15
246,16
246,17
246,19
246,20
246,21
246,22
246,23
246,24
246,25
246,26
246,27
246,28
246,29
246,30
246,31
246,33
246,34
246,35
246,36
246,37
246,39
246,40
246,42
246,43
246,44
246,45
246,46
246,47
246,49
246,50
246,51
246,52
246,53
246,55
246,56
246,57
246,58
246,59
246,60
246,61
246,62
246,63
246,64
246,65
246,66
246,67
246,68
246,69
246,70
246,71
246,72
246,73
246,74
246,75
246,76
246,77
246,78
246,79
246,80
246,81
246,82
246,84
246,85
246,86
246,88
246,89
246,90
246,91
246,92
246,93
246,94
246,95
246,96
246,97
246,98
246,99
246,100
246,101
246,102
246,103
246,104
246,105
246,106
246,107
246,108
246,109
246,111
246,112
246,113
246,114
246,118
246,121
246,122
246,123
246,124
246,125
246,126
246,129
246,130
246,131
246,132
246,133
246,134
246,135
246,136
246,137
246,138
246,139
246,141
246,142
246,143
246,144
246,145
246,146
246,147
246,148
246,149
246,150
246,151
246,153
246,154
246,156
246,157
246,158
246,160
246,161
246,165
246,168
246,169
246,170
246,171
246,173
246,175
246,176
246,177
246,178
246,180
246,181
246,183
246,184
246,185
246,186
246,188
246,190
246,191
246,192
246,193
246,195
246,197
246,198
246,199
246,202
246,203
246,204
246,205
246,207
246,208
246,209
246,210
246,212
246,213
246,214
246,216
246,218
246,220
246,221
246,222
246,223
246,225
246,227
246,229
246,231
246,232
246,233
246,234
246,235
246,236
246,237
246,238
246,239
246,240
246,241
246,242
246,243
246,244
247,0
247,1
247,2
247,3
247,4
247,5
247,6
247,7
247,8
247,9
247,10
247,11
247,12
247,13
247,14
247,15
247,16
247,17
247,18
247,20
247,21
247,22
247,23
247,24
247,25
247,26
247,27
247,28
247,29
247,30
247,31
247,33
247,34
247,35
247,36
247,37
247,39
247,40
247,41
247,42
247,43
247,44
247,45
247,46
247,47
247,49
247,50
247,52
247,53
247,54
247,55
247,56
247,57
247,58
247,59
247,60
247,61
247,62
247,63
247,64
247,65
247,66
247,67
247,68
247,69
247,70
247,71
247,72
247,73
247,74
247,75
247,76
247,77
247,78
247,79
247,80
247,82
247,84
247,85
247,86
247,88
247,89
247,90
247,91
247,92
247,93
247,94
247,95
247,96
247,98
247,99
247,100
247,101
247,102
247,103
247,104
247,105
247,106
247,107
247,108
247,111
247,112
247,113
247,114
247,118
247,120
247,121
247,122
247,124
247,125
247,126
247,127
247,129
247,130
247,131
247,132
247,133
247,134
247,136
247,137
247,138
247,139
247,141
247,142
247,143
247,144
247,145
247,146
247,147
247,148
247,149
247,150
247,151
247,154
247,156
247,157
247,158
247,159
247,160
247,161
247,162
247,165
247,168
247,169
247,170
247,171
247,172
247,173
247,175
247,176
247,177
247,179
247,180
247,181
247,182
247,183
247,184
247,185
247,186
247,187
247,188
247,189
247,190
247,191
247,192
247,193
247,195
247,197
247,198
247,199
247,201
247,202
247,203
247,204
247,205
247,207
247,208
247,209
247,210
247,212
247,216
247,217
247,218
247,220
247,221
247,222
247,223
247,225
247,227
247,229
247,231
247,233
247,234
247,235
247,236
247,237
247,238
247,239
247,240
247,241
247,242
247,243
247,244
247,246
248,115
249,0
249,1
249,2
249,3
249,4
249,5
249,6
249,7
249,8
249,9
249,10
249,11
249,12
249,14
249,15
249,16
249,17
249,20
249,21
249,22
249,23
249,24
249,25
249,26
249,27
249,28
249,29
249,30
249,31
249,33
249,34
249,35
249,36
249,37
249,39
249,40
249,41
249,42
249,43
249,44
249,45
249,46
249,47
249,49
249,50
249,52
249,53
249,54
249,55
249,56
249,57
249,58
249,59
249,60
249,61
249,62
249,63
249,64
249,65
249,66
249,67
249,68
249,69
249,70
249,71
249,72
249,73
249,74
249,75
249,76
249,77
249,78
249,79
249,80
249,82
249,84
249,85
249,86
249,88
249,89
249,91
249,92
249,93
249,94
249,95
249,96
249,98
249,99
249,100
249,101
249,102
249,103
249,104
249,105
249,106
249,107
249,108
249,111
249,112
249,113
249,114
249,118
249,120
249,121
249,124
249,125
249,126
249,127
249,130
249,131
249,132
249,133
249,134
249,135
249,137
249,138
249,139
249,141
249,142
249,143
249,144
249,145
249,146
249,148
249,149
249,150
249,151
249,154
249,155
249,156
249,157
249,158
249,159
249,160
249,161
249,162
249,165
249,168
249,169
249,170
249,171
249,172
249,173
249,175
249,176
249,177
249,178
249,179
249,180
249,181
249,183
249,185
249,187
249,188
249,189
249,190
249,191
249,192
249,193
249,195
249,196
249,197
249,198
249,199
249,201
249,202
249,203
249,204
249,205
249,206
249,207
249,208
249,209
249,210
249,212
249,213
249,214
249,216
249,218
249,220
249,221
249,222
249,223
249,225
249,227
249,229
249,231
249,232
249,233
249,234
249,235
249,236
249,237
249,238
249,239
249,240
249,241
249,242
249,243
249,244
249,246
249,247
250,0
250,1
250,2
250,3
250,4
250,5
250,6
250,7
250,8
250,9
250,10
250,11
250,12
250,13
250,14
250,15
250,16
250,17
250,18
250,19
250,21
250,22
250,23
250,24
250,25
250,26
250,27
250,28
250,29
250,30
250,31
250,33
250,34
250,35
250,36
250,37
250,39
250,40
250,41
250,42
250,43
250,44
250,45
250,46
250,47
250,49
250,50
250,51
250,52
250,53
250,54
250,55
250,56
250,57
250,58
250,60
250,61
250,62
250,63
250,64
250,65
250,67
250,68
250,69
250,70
250,71
250,72
250,73
250,74
250,75
250,76
250,77
250,79
250,80
250,82
250,84
250,85
250,86
250,88
250,89
250,90
250,91
250,92
250,93
250,95
250,96
250,97
250,98
250,99
250,101
250,102
250,103
250,104
250,106
250,107
250,108
250,109
250,111
250,112
250,113
250,114
250,118
250,120
250,121
250,122
250,123
250,124
250,125
250,126
250,127
250,129
250,130
250,132
250,133
250,134
250,135
250,137
250,138
250,139
250,140
250,141
250,142
250,143
250,144
250,145
250,146
250,147
250,148
250,149
250,150
250,151
250,154
250,156
250,157
250,158
250,159
250,160
250,161
250,162
250,164
250,165
250,168
250,169
250,170
250,171
250,173
250,175
250,176
250,177
250,178
250,180
250,181
250,182
250,183
250,184
250,185
250,186
250,187
250,188
250,190
250,191
250,192
250,193
250,195
250,196
250,197
250,198
250,199
250,201
250,202
250,203
250,204
250,205
250,206
250,207
250,208
250,209
250,210
250,212
250,214
250,216
250,217
250,218
250,220
250,221
250,222
250,223
250,225
250,227
250,229
250,231
250,232
250,233
250,234
250,235
250,236
250,237
250,239
250,240
250,241
250,242
250,243
250,244
250,246
250,247
250,249
251,0
251,1
251,2
251,3
251,4
251,5
251,6
251,7
251,8
251,9
251,10
251,11
251,12
251,13
251,14
251,15
251,16
251,17
251,19
251,20
251,21
251,22
251,23
251,24
251,25
251,26
251,27
251,28
251,29
251,30
251,31
251,33
251,34
251,35
251,36
251,37
251,40
251,41
251,42
251,43
251,44
251,45
251,46
251,49
251,50
251,52
251,53
251,54
251,55
251,56
251,57
251,58
251,60
251,61
251,62
251,63
251,64
251,65
251,66
251,67
251,68
251,69
251,70
251,71
251,72
251,73
251,74
251,75
251,76
251,77
251,78
251,79
251,80
251,82
251,84
251,85
251,86
251,88
251,89
251,90
251,91
251,92
251,93
251,94
251,95
251,96
251,97
251,98
251,99
251,100
251,101
251,102
251,103
251,104
251,105
251,106
251,107
251,108
251,109
251,111
251,112
251,113
251,114
251,115
251,118
251,120
251,121
251,122
251,123
251,124
251,125
251,126
251,127
251,129
251,130
251,131
251,132
251,133
251,134
251,135
251,136
251,137
251,138
251,139
251,141
251,142
251,143
251,144
251,145
251,146
251,147
251,148
251,149
251,150
251,151
251,154
251,156
251,157
251,158
251,159
251,160
251,161
251,162
251,164
251,165
251,168
251,169
251,170
251,171
251,173
251,176
251,177
251,180
251,181
251,182
251,183
251,184
251,185
251,186
251,187
251,188
251,189
251,190
251,191
251,192
251,193
251,195
251,196
251,197
251,198
251,199
251,201
251,202
251,203
251,204
251,205
251,206
251,207
251,208
251,209
251,210
251,212
251,213
251,216
251,218
251,219
251,220
251,221
251,222
251,223
251,225
251,227
251,229
251,231
251,233
251,234
251,235
251,236
251,237
251,239
251,240
251,241
251,242
251,243
251,244
251,246
251,247
251,249
251,250
252,0
252,1
252,2
252,3
252,4
252,5
252,6
252,7
252,8
252,9
252,10
252,11
252,12
252,13
252,14
252,15
252,16
252,17
252,18
252,19
252,20
252,21
252,22
252,23
252,24
252,25
252,26
252,27
252,28
252,29
252,30
252,31
252,33
252,34
252,35
252,36
252,37
252,39
252,40
252,41
252,42
252,43
252,44
252,45
252,46
252,47
252,49
252,50
252,51
252,52
252,53
252,54
252,55
252,56
252,57
252,58
252,59
252,60
252,61
252,62
252,63
252,64
252,65
252,66
252,67
252,68
252,69
252,70
252,71
252,72
252,73
252,74
252,75
252,76
252,77
252,78
252,79
252,80
252,82
252,84
252,85
252,86
252,88
252,89
252,91
252,92
252,93
252,95
252,96
252,97
252,98
252,99
252,100
252,101
252,102
252,103
252,104
252,106
252,107
252,108
252,109
252,111
252,112
252,113
252,114
252,118
252,120
252,121
252,122
252,123
252,124
252,125
252,126
252,127
252,129
252,130
252,131
252,132
252,133
252,134
252,135
252,136
252,137
252,138
252,139
252,140
252,141
252,142
252,143
252,144
252,146
252,147
252,148
252,149
252,150
252,151
252,152
252,153
252,154
252,155
252,156
252,157
252,158
252,159
252,160
252,161
252,162
252,164
252,165
252,168
252,169
252,170
252,171
252,173
252,175
252,176
252,177
252,178
252,179
252,180
252,181
252,183
252,184
252,185
252,186
252,187
252,188
252,189
252,190
252,191
252,192
252,193
252,195
252,196
252,197
252,198
252,199
252,202
252,203
252,204
252,205
252,206
252,207
252,208
252,209
252,210
252,212
252,213
252,216
252,217
252,218
252,220
252,221
252,222
252,223
252,225
252,227
252,229
252,231
252,232
252,233
252,234
252,235
252,236
252,237
252,239
252,240
252,241
252,242
252,243
252,244
252,246
252,247
252,249
252,250
252,251
253,0
253,1
253,2
253,3
253,4
253,5
253,6
253,7
253,8
253,9
253,10
253,11
253,12
253,13
253,14
253,15
253,16
253,17
253,18
253,19
253,20
253,21
253,22
253,23
253,24
253,25
253,26
253,27
253,28
253,29
253,30
253,31
253,32
253,33
253,34
253,35
253,36
253,37
253,39
253,40
253,41
253,42
253,43
253,44
253,45
253,46
253,47
253,49
253,50
253,51
253,52
253,53
253,54
253,55
253,56
253,57
253,58
253,60
253,61
253,62
253,63
253,64
253,65
253,66
253,67
253,68
253,69
253,70
253,71
253,72
253,73
253,74
253,75
253,76
253,77
253,78
253,79
253,80
253,82
253,84
253,85
253,86
253,88
253,89
253,90
253,91
253,92
253,93
253,94
253,95
253,96
253,97
253,98
253,99
253,100
253,101
253,102
253,103
253,104
253,106
253,107
253,108
253,109
253,111
253,112
253,113
253,114
253,118
253,120
253,121
253,122
253,123
253,124
253,125
253,126
253,127
253,129
253,130
253,131
253,132
253,133
253,134
253,135
253,136
253,137
253,138
253,139
253,141
253,142
253,143
253,144
253,146
253,147
253,148
253,149
253,150
253,151
253,152
253,153
253,154
253,155
253,156
253,157
253,158
253,160
253,161
253,162
253,163
253,164
253,165
253,168
253,169
253,170
253,171
253,173
253,176
253,177
253,180
253,181
253,183
253,184
253,185
253,186
253,187
253,188
253,190
253,191
253,192
253,193
253,195
253,196
253,197
253,198
253,199
253,201
253,202
253,203
253,204
253,205
253,206
253,207
253,208
253,209
253,210
253,212
253,213
253,216
253,218
253,220
253,221
253,222
253,223
253,225
253,227
253,229
253,231
253,232
253,233
253,234
253,235
253,236
253,237
253,238
253,239
253,240
253,241
253,242
253,243
253,244
253,246
253,247
253,249
253,250
253,251
253,252
254,0
254,1
254,2
254,3
254,4
254,5
254,6
254,7
254,8
254,9
254,10
254,11
254,12
254,13
254,14
254,15
254,16
254,17
254,18
254,19
254,20
254,21
254,22
254,23
254,24
254,25
254,26
254,27
254,28
254,29
254,30
254,31
254,32
254,33
254,34
254,35
254,36
254,37
254,38
254,39
254,40
254,41
254,42
254,43
254,44
254,45
254,46
254,47
254,49
254,50
254,51
254,52
254,53
254,54
254,55
254,56
254,57
254,58
254,60
254,61
254,62
254,63
254,64
254,65
254,66
254,67
254,68
254,69
254,70
254,71
254,72
254,73
254,74
254,75
254,76
254,77
254,78
254,79
254,80
254,82
254,84
254,85
254,86
254,88
254,89
254,90
254,91
254,92
254,93
254,94
254,95
254,96
254,97
254,98
254,99
254,100
254,101
254,102
254,103
254,104
254,105
254,106
254,107
254,108
254,111
254,112
254,113
254,114
254,118
254,120
254,121
254,122
254,123
254,124
254,125
254,126
254,127
254,129
254,130
254,131
254,132
254,133
254,134
254,135
254,136
254,137
254,138
254,139
254,140
254,141
254,142
254,143
254,144
254,145
254,146
254,147
254,148
254,149
254,150
254,151
254,152
254,154
254,155
254,156
254,157
254,158
254,159
254,160
254,161
254,162
254,164
254,165
254,168
254,169
254,170
254,171
254,172
254,173
254,175
254,176
254,177
254,178
254,180
254,181
254,182
254,183
254,184
254,185
254,186
254,187
254,188
254,190
254,191
254,192
254,193
254,195
254,196
254,197
254,198
254,199
254,201
254,202
254,203
254,204
254,205
254,207
254,208
254,209
254,210
254,212
254,213
254,214
254,216
254,217
254,218
254,220
254,221
254,222
254,223
254,225
254,227
254,229
254,231
254,232
254,233
254,234
254,235
254,236
254,237
254,239
254,240
254,241
254,242
254,243
254,244
254,246
254,247
254,249
254,250
254,251
254,252
254,253
255,38
255,83
